79.33333333333333
64.66666666666667
78.33333333333333
74.33333333333333
65.33333333333333
58.333333333333336
49.333333333333336
75.66666666666667
68.66666666666667
65.0
69.33333333333333
53.666666666666664
54.666666666666664
61.666666666666664
54.0
65.66666666666667
79.66666666666667
73.33333333333333
65.33333333333333
60.0
63.0
79.0
71.66666666666667
54.333333333333336
80.66666666666667
77.66666666666667
70.0
40.0
70.66666666666667
81.0
50.0
66.0
54.0
58.333333333333336
71.33333333333333
53.666666666666664
58.333333333333336
75.66666666666667
53.666666666666664
69.0
67.0
50.0
68.33333333333333
51.333333333333336
70.33333333333333
54.0
74.0
62.666666666666664
51.333333333333336
54.333333333333336
64.33333333333333
55.0
67.0
60.0
58.0
62.666666666666664
53.666666666666664
81.0
53.0
85.0
51.666666666666664
69.33333333333333
69.33333333333333
65.66666666666667
56.666666666666664
57.666666666666664
61.0
72.33333333333333
78.66666666666667
59.0
61.333333333333336
59.0
62.0
60.0
58.0
52.0
37.666666666666664
54.666666666666664
56.666666666666664
72.0
67.0
81.66666666666667
53.333333333333336
83.0
69.0
70.33333333333333
52.0
68.66666666666667
64.66666666666667
59.0
74.33333333333333
49.666666666666664
38.666666666666664
43.666666666666664
63.666666666666664
54.666666666666664
67.33333333333333
53.333333333333336
60.666666666666664
70.0
60.666666666666664
59.333333333333336
46.666666666666664
79.66666666666667
76.0
52.0
83.0
61.0
68.0
62.333333333333336
74.33333333333333
87.33333333333333
79.0
42.666666666666664
51.0
54.666666666666664
58.0
53.333333333333336
52.666666666666664
80.66666666666667
68.0
45.0
38.666666666666664
44.666666666666664
73.66666666666667
76.0
56.0
67.66666666666667
73.66666666666667
60.0
48.0
73.66666666666667
73.33333333333333
63.333333333333336
56.666666666666664
85.33333333333333
69.0
53.666666666666664
86.0
60.0
64.66666666666667
67.0
74.0
62.0
73.33333333333333
62.0
87.0
69.66666666666667
61.0
52.666666666666664
57.0
56.333333333333336
61.333333333333336
63.666666666666664
63.0
91.33333333333333
74.0
55.0
61.666666666666664
67.66666666666667
80.66666666666667
81.0
72.66666666666667
34.0
41.0
67.33333333333333
48.333333333333336
64.0
45.666666666666664
32.666666666666664
48.0
61.333333333333336
89.33333333333333
71.0
71.33333333333333
66.66666666666667
39.0
63.740112994350284 61.50847457627118 64.7457627118644 